17
2 97407
1 5773 

3 72995
1 7527 5489 

3 26762
1 5238 2844 

8 69108
1 5412 2327 6477 6255 8678 4167 9464 

4 64366
1 5625 5026 576 

7 358
1 4985 9474 2671 8442 521 1730 

8 40405
1 3357 4814 474 88 972 2316 5319 

6 64754
1 2191 1435 9096 9635 1640 

2 53767
1 8461 

1 76834
1 

10 64066
1 9717 6036 5157 2262 9018 7607 4395 7530 1178 

5 71320
1 676 5125 332 8276 

8 82277
1 6311 6537 8739 5694 9491 9365 4210 

6 80892
1 7763 4540 6170 1589 4304 

7 26111
1 742 2899 9931 719 8121 1611 

1 89256
1 

8 3150
1 8837 1833 6885 4789 5809 7255 2019 

